referrer,views_total,views_unique
github.com,17,3
Google,6,5
