referrer,views_total,views_unique
github.com,150,8
Google,8,6
statics.teams.cdn.office.net,1,1
